4*4
25		1		1		1              2
1		1		1		0		0
2		0		0		0.5		0
3		0		0		1		0
4		0		0		1.5		0
5       0       0       2       0
6		1		1		0		0.25
7		0		0		0.5		0.25
8		0		0		1		0.25
9		0		0		1.5		0.25
10       0       0       2      0.25
11		1		1		0		0.5
12		0		0		0.5		0.5
13		0		0		1		0.5
14		0		0		1.5		0.5
15       0       0       2      0.5
16		1		1		0		0.75
17		0		0		0.5		0.75
18		0		0		1		0.75
19		0		0		1.5		0.75
20       0       0       2      0.75
21		1		1		0		1
22		0		0		0.5		1
23		0		0		1		1
24		0		0		1.5		1
25       0       0       2      1
1		2
25		1		1
5       1       -1
2		16		   1
1		100	        0.3             1
1		1	        2              7            6	      1
2       2           3              8            7         1
3		3	        4              9            8	      1
4       4           5              10            9         1
5   6   7   12  11  1
6   7   8   13  12  1
7   8   9   14  13  1
8   9   10  15  14  1
9   11  12  17  16  1
10  12  13  18  17  1
11  13  14  19  18  1
12  14  15  20  19  1
13  16  17  22  21  1
14  17  18  23  22  1
15  18  19  24  23  1
16  19  20  25  24  1
